var dest = new Array(
[ -122.6614861, -1.658501],
[ -122.6614861, -6.8],
[ -122.6614861, -6.81979990005493],
[ -27.339758, -55.866362],
[ -27, -58],
[ -26.867689, -58.296188],
[ -26.014139, -57.016319],
[ -26, -57.1666667],
[ -25.8, -57.2333333],
[ -25.76712, -57.248402],
[ -25.624229, -57.150639],
[ -25.5166667, -54.6166667],
[ -25.50857, -57.359951],
[ -25.5085286, -54.6753231],
[ -25.4833333, -57.35],
[ -25.46982, -56.01535],
[ -25.350349, -57.511051],
[ -25.3333333, -57.5333333],
[ -24.6653378, -56.455192],
[ -17.38414, -66.166702],
[ -17.3833333, -66.15],
[ -16.62356, -72.709183],
[ -16.544646, -68.2146857],
[ -16.5, -68.15],
[ -16.49901, -68.146248],
[ -16.4833333, -68.1833333],
[ -16.05, -68.6833333],
[ -16.0444444, -68.685],
[ -15.4215226, 28.3117247],
[ -15.2, -75.066667],
[ -15.1608333, -72.2572222],
[ -14.1761113, -75.7167962],
[ -14.0666667, -75.7333333],
[ -14.0166667, -171.7833333],
[ -14.010595, -171.7793857],
[ -13.8719804, -171.7643462],
[ -13.8648769, -171.7882712],
[ -13.8451693, -171.7793857],
[ -13.8389066, -171.7855373],
[ -13.8295301, -171.806039],
[ -13.8166667, -171.7833333],
[ -13.8020253, -171.821753],
[ -13.8, -171.8],
[ -13.8, -171.9],
[ -13.7973358, -171.8319995],
[ -13.759029, -172.104629],
[ -13.7099806, -76.2032056],
[ -13.6597827, -172.4319405],
[ -13.645157, -172.6631969],
[ -13.525, -71.9722222],
[ -13.5183333, -71.9780556],
[ -13.4413249, -172.3553608],
[ -13.42553, -76.136711],
[ -13.3155556, -71.5916667],
[ -13.0295292, -76.3753046],
[ -12.0833333, -76.7666667],
[ -12.078642, -76.764682],
[ -9.2970576, 124.2866091],
[ -9.2794279, -77.6468113],
[ -9.0369444, -75.5075],
[ -9.004991, 125.649498],
[ -8.8068883, 125.3466253],
[ -8.7043994, 125.6095474],
[ -8.6674095, 125.2587964],
[ -8.570694, 125.580704],
[ -8.5166667, 127],
[ -8.3833333, -74.55],
[ -8.3791473945826, -74.5538663864136],
[ -7.247041, -79.473122],
[ -6.9171149, -79.8660836],
[ -6.81979990005493, 39.279899597168],
[ -6.8, 39.2833333],
[ -6.797698, -79.8464804],
[ -6.762994, -79.836609],
[ -5.9345929, -79.222328],
[ -4.463744, 39.4735025],
[ -4.0226198, 39.6879333],
[ -3.8148404, 39.6285874],
[ -3.778638, 39.2789],
[ -3.429664, 29.92979],
[ -3.3992785, 38.5559162],
[ -2.515313, 32.88945],
[ -1.658501, 29.2204548],
[ -1.5, 33.8],
[ -1.434558, -79.4577314],
[ -1.3562118, 36.6687545],
[ -1.3057741, 36.8562555],
[ -.9639154, -80.7221347],
[ -.9166667, 30.25],
[ -.8819444, 30.2652778],
[ -.79, 29.925],
[ -.6833333, 34.7666667],
[ -.6316667, 31.5433333],
[ -.5430556, 30.1369444],
[ -.5411111, 30.1380556],
[ -.4069444, 31.1575],
[ -.2863568, -78.5239333],
[ -.2833333, 36.0666667],
[ -.1262362, 15.39304],
[ -.023559, 37.906193],
[ "Anonymous", 45.5234515],
[ "Eden Group", 45.5234515],
[ "Max", 45.5234515],
[ "Mwanasha", 45.5234515],
[ "San Lorenzo Group", 45.5234515],
[ .02327, -78.895645],
[ .1833333, 30.0833333],
[ .2827307, 34.7518631],
[ .4138979, 32.5368086],
[ .4166667, 34.25],
[ .4607691, 34.1114621],
[ .5628257, 34.8060527],
[ .603692, -77.833023],
[ .7358836, 34.5777565],
[ .9420515, 30.808904],
[ 1.0166667, 35],
[ 1.263136, -78.845787],
[ 1.4319444, 31.3525],
[ 5.5459231, -.25731],
[ 5.65, -75.9],
[ 5.7097222, -75.3108333],
[ 6.1738028, -75.3347222],
[ 6.25128984451294, -75.5759963989258],
[ 6.3404, -75.562271],
[ 6.439, -75.333],
[ 7.8401856, 123.4631485],
[ 7.85, 123.5833333],
[ 7.9207788, 123.3486147],
[ 8.0666667, 123.5333333],
[ 8.0666667, 123.75],
[ 8.15, 123.85],
[ 8.179578, 123.842041],
[ 8.201, 123.859],
[ 8.2055, 123.7546],
[ 8.4595268, 123.8006496],
[ 8.4833333, 123.8],
[ 8.4859634, 123.7992536],
[ 8.5, 123.3833333],
[ 8.5333333, 123.3666667],
[ 8.55, 123.5666667],
[ 8.554, 123.768],
[ 8.559, 123.644],
[ 8.619543, .824782],
[ 8.7666667, 117.8333333],
[ 9.3166667, 123.3],
[ 9.357946, 123.285004],
[ 9.5152778, 123.1583333],
[ 9.5833333, 123.1166667],
[ 9.7150631, 122.8986812],
[ 9.7333333, 118.7333333],
[ 9.7333333, 122.9],
[ 9.7666667, 123.15],
[ 9.7666667, 123.5333333],
[ 9.972, 122.624],
[ 10.02995, 122.770401],
[ 10.0902184, 122.8683684],
[ 10.193, 122.851],
[ 10.20274, 122.9944],
[ 10.2438638, 123.9415518],
[ 10.25, 123.7833333],
[ 10.3833333, 123.65],
[ 10.4666324, 123.2812562],
[ 10.6521412, 124.8525626],
[ 10.7908429, 124.0140113],
[ 10.8333333, 122.7166667],
[ 11.005, 124.609],
[ 11.0333333, 124],
[ 11.2464955, 124.0173086],
[ 11.25, 125],
[ 11.5166667, 122.6833333],
[ 11.5833333, 122.75],
[ 11.6426, 122.335297],
[ 11.7176683, 122.3390936],
[ 11.7833333, 124.8833333],
[ 11.8977778, 121.9094444],
[ 11.9394717, -85.1894045],
[ 12.06994, 124.600304],
[ 12.0833333, -85.1666667],
[ 12.147500038147, -86.2733993530273],
[ 12.1508333, -86.2683333],
[ 12.4355556, -86.8794444],
[ 12.5092037, -86.6611083],
[ 12.6166667, -87.15],
[ 12.879721, 121.774017],
[ 12.8820062, -87.1422895],
[ 12.8834875, 120.9876321],
[ 12.89952, -14.94427],
[ 13.2504325, -87.1422895],
[ 13.32566, -88.573029],
[ 13.3333333, -87.0833333],
[ 13.35, -88.35],
[ 13.4470634, -88.556531],
[ 13.47321, -88.176987],
[ 13.4886443, -87.8942451],
[ 13.495364, -88.9796776],
[ 13.5166667, -88.3833333],
[ 13.5166667, -88.75],
[ 13.5588889, -88.43],
[ 13.56966, 44.014629],
[ 13.64121, -88.785423],
[ 13.6769444, -89.2797222],
[ 13.6817661, -89.3606298],
[ 13.69545, -88.106857],
[ 13.697393, -88.007249],
[ 13.701964, -89.147774],
[ 13.7166667, -88.9333333],
[ 13.7166667, -89.7166667],
[ 13.72151, -88.936188],
[ 13.723177, -89.368618],
[ 13.7347222, -89.1513889],
[ 13.741137, -87.870868],
[ 13.762926, -88.270163],
[ 13.8661957, -89.0561532],
[ 13.8666667, -89.9166667],
[ 13.874575, -88.627779],
[ 13.91908, -89.845284],
[ 13.99603, -89.552551],
[ 14.03906, -88.941369],
[ 14.0413663, -88.9387866],
[ 14.15, -88.033333],
[ 14.30698, -88.177071],
[ 14.45423, -87.643044],
[ 14.48538, -87.979378],
[ 14.5833333, -88.5833333],
[ 14.6676107, -87.9873724],
[ 14.8333333, -91.5166667],
[ 14.8608999252319, -91.7716979980469],
[ 14.9309569, -91.9099238],
[ 15.1202795, -88.4016041],
[ 15.352029, 44.207456],
[ 15.3556003570557, 44.2080993652344],
[ 15.39304, -87.814484],
[ 15.5694839, -87.9524724],
[ 15.60682, -87.952179],
[ 18.764311, -69.257156],
[ 18.8333333, -69.3333333],
[ 18.8538089, 82.566078],
[ 19.3434287, -98.9880319],
[ 19.6238075, 83.4910242],
[ 20.19393, 83.522797],
[ 20.33956, 82.910606],
[ 20.8480141, 83.8950042],
[ 20.8497387, 85.2140114],
[ 25.93437, -97.48046],
[ 27.8020992279053, -97.3915023803711],
[ 28.3371, -82.2882],
[ 29.4249992370605, -98.4936981201172],
[ 30.0069999694824, -90.2404022216797],
[ 30.190189, 71.458023],
[ 30.1955556, 71.4752778],
[ 30.585164, 36.238414],
[ 31.1648059, 35.7618824],
[ 31.429249, 34.373474],
[ 31.5, 34.4666667],
[ 31.6936545, 37.0400339],
[ 32.042919, 35.723438],
[ 32.225436, 35.260792],
[ 32.44548, 74.1112519],
[ 32.5737972, 74.0789389],
[ 33.271721, 35.21838],
[ 33.5626094, 35.3687268],
[ 33.5630556, 35.3688889],
[ 33.605801, 73.043747],
[ 33.8923706, 35.511069],
[ 37.335692, 68.7393446],
[ 37.4127778, 68.6844444],
[ 37.7108333, 68.8311111],
[ 37.7791055, 69.597624],
[ 37.8025, 69.6441667],
[ 38.1143435, 68.6678026],
[ 38.5247222, 68.5513889],
[ 38.5255556, 68.5472222],
[ 38.5424511, 68.3816245],
[ 38.56, 68.7738889],
[ 38.5736999511719, 68.7738037109375],
[ 38.861034, 71.276093],
[ 38.8921012878418, -77.0241012573242],
[ 39.1511111, 46.16],
[ 39.3194392, 46.1460919],
[ 39.5, 48.4166667],
[ 39.5396107, 48.4546726],
[ 39.7672222, 45.1408333],
[ 39.8697222, 48.06],
[ 39.908401, 69.005127],
[ 39.9105556, 44.7277778],
[ 39.9108333, 69.0063889],
[ 40.069099, 45.038189],
[ 40.143105, 47.576927],
[ 40.1515162, 69.3354317],
[ 40.1586163, 44.4993371],
[ 40.1808333, 44.2297222],
[ 40.1852778, 44.2422222],
[ 40.28, 69.6316667],
[ 40.2833333, 69.6333333],
[ 40.2833333, 70.4166667],
[ 40.285252, 70.430527],
[ 40.3588889, 45.1266667],
[ 40.3863696, 45.3355097],
[ 40.508839, 72.4391293],
[ 40.6140785, 20.7778071],
[ 40.8755556, 45.1491667],
[ 41.11684, 20.092621],
[ 41.20438, 74.766098],
[ 41.7166667, 44.7833333],
[ 41.787731, 19.65407],
[ 42.2124604, 20.7241664],
[ 42.5030908, -83.1835389],
[ 42.672421, 21.164539],
[ 47.9137992858887, 106.921997070312],
[ 47.9166667, 106.9166667],
[ 47.921378, 106.90554],
[ 48.3983254, 89.6625915]);
