var orig = new Array(
[ -45.8745994567871, 170.503005981445],
[ -43.5316009521484, 172.636993408203],
[ -41.28649902343751, 174.776000976562],
[ -41.1245994567871, 175.069000244141],
[ -37.787101745605504, 175.283004760742],
[ -36.95, 174.9],
[ -36.684398651123, 174.733993530273],
[ -34.6118011474609, -58.4173011779785],
[ -34.5302777778, -58.5241666667],
[ -34.470798492431605, -58.5285987854004],
[ -33.8689009, 151.2070914],
[ -33.425399780273395, -70.56649780273439],
[ -32.9507408, -60.6665001],
[ -31.3989296, -64.1821289],
[ -30.0277041, -51.2287346],
[ -27.5979995727539, -48.548099517822294],
[ -25.4283563, -49.2732515],
[ -23.694444656372102, -46.56544876098631],
[ -23.6261, -46.6564],
[ -23.548900604248004, -46.638801574707],
[ -23.5113015, -46.8767748],
[ -23.3519, -46.8813],
[ -22.9063648, -47.0615741],
[ -22.9034996032715, -43.2095985412598],
[ -22.3717218, -41.7857284],
[ -21.7941667, -48.1743202],
[ -20.0696, -43.8909],
[ -19.8157306, -43.9542226],
[ -15.7800998687744, -47.92919921875001],
[ -14.8647748, -40.8369328],
[ -12.9703998565674, -38.512401580810504],
[ -12.093099594116199, -77.046501159668],
[ -8.05428028106689, -34.8813018798828],
[ -6.11528, -50.0014],
[ -3.1071923, -60.0261267],
[ -2.5307312, -44.3068258],
[ -.229497998952866, -78.524299621582],
[ "Anonymous Group", 45.6387281],
[ "Bella Samaria", 51.5001524],
[ "Umoja Kibabi B Group", 45.6387281],
[Cedar,Eden"],
[ 4.64729976654053, -74.0962982177734],
[ 6.25128984451294, -75.5759963989258],
[ 8.99427032470703, -79.518798828125],
[ 9.94019985198975, -84.10019683837889],
[ 10.3772001266479, -83.9508972167969],
[ 10.496000289917, -66.8983001708984],
[ 18.4742811, -67.1656156],
[ 19.3605334, -99.2267067],
[ 19.4270000457764, -99.12760162353521],
[ 19.538988, -99.193281],
[ 20.2929811, -103.2389353],
[ 20.65, -103.317],
[ 20.67359, -103.343803],
[ 20.94356, -101.43],
[ 21.2919998168945, -157.822006225586],
[ 21.351400375366197, -157.947006225586],
[ 25.6853008270264, -100.30500030517601],
[ 25.774299621582, -80.190299987793],
[ 25.7889689, -80.2264393],
[ 25.8470638, -97.5329871],
[ 25.9785995483398, -80.3336029052734],
[ 26.137300491333, -80.1296997070312],
[ 26.2378597, -80.1247667],
[ 27.3364347, -82.5306527],
[ 27.4800237, -99.5105349],
[ 27.767099380493196, -82.6384963989258],
[ 27.9165992736816, -82.78769683837889],
[ 27.9815006256104, -82.4511032104492],
[ 28.0894599, -80.5656079],
[ 28.3470993041992, -80.6989974975586],
[ 28.4062236, -106.866771],
[ 28.5383355, -81.3792365],
[ 28.5531997680664, -81.36440277099611],
[ 29.4241219, -98.4936282],
[ 29.4249992370605, -98.49369812011719],
[ 29.6516344, -82.3248262],
[ 29.760000228881797, -95.3625030517578],
[ 29.7628844, -95.3830615],
[ 29.9531993865967, -90.06900024414061],
[ 29.9647222, -90.0705556],
[ 30.1579935, -95.4893845],
[ 30.1658207, -95.4612625],
[ 30.267153, -97.7430608],
[ 30.268699645996097, -97.74520111083979],
[ 30.3262004852295, -81.65789794921879],
[ 30.3672008514404, -89.0939025878906],
[ 30.438199996948203, -84.2806015014648],
[ 30.4734001159668, -87.21230316162111],
[ 30.627977, -96.3344068],
[ 31.7476997375488, -106.44699859619101],
[ 31.7632007598877, -106.490997314453],
[ 32.2217429, -110.926479],
[ 32.2277984619141, -110.944000244141],
[ 32.3754005432129, -86.29959869384771],
[ 32.7153292, -117.1572551],
[ 32.718799591064496, -117.164001464844],
[ 32.7549018859863, -97.3302993774414],
[ 32.7811012268066, -96.79709625244139],
[ 32.793098449707, -79.94129943847659],
[ 32.802955, -96.769923],
[ 32.8140177, -96.9488945],
[ 32.8442001342773, -96.959098815918],
[ 32.9478988647461, -97.15100097656249],
[ 33.055999755859396, -96.77040100097659],
[ 33.3060989379883, -111.841003417969],
[ 33.3643379211426, -117.40864562988301],
[ 33.38330078125, -84.28330230712889],
[ 33.4219017028809, -111.940002441406],
[ 33.448299407959, -112.073997497559],
[ 33.4483771, -112.0740373],
[ 33.4941704, -111.9260519],
[ 33.5386523, -112.1859866],
[ 33.5820007324219, -111.90000152587899],
[ 33.671398162841804, -117.791000366211],
[ 33.6839473, -117.7946942],
[ 33.7489954, -84.3879824],
[ 33.7545013427734, -84.3897018432617],
[ 33.834300994873, -117.918998718262],
[ 33.8544998168945, -84.2230987548828],
[ 33.8583483, -118.0647871],
[ 33.8847361, -118.4109089],
[ 33.9191799, -118.4164652],
[ 33.923104, -117.863904],
[ 34.0514898, -84.0712997],
[ 34.0522003173828, -118.24299621582001],
[ 34.0522342, -118.2436849],
[ 34.0688018798828, -84.2720031738281],
[ 34.159801483154304, -118.00099945068399],
[ 34.2727012634277, -118.74400329589801],
[ 34.4208305, -119.6981901],
[ 34.6165008544922, -77.32119750976561],
[ 34.7243995666504, -92.27890014648439],
[ 34.7403984069824, -86.60009765625001],
[ 34.8526176, -82.3940104],
[ 34.8550987243652, -82.3911972045898],
[ 35.0886963, -92.4421011],
[ 35.139303, -79.005757],
[ 35.142852, -90.05235],
[ 35.231, -80.85],
[ 35.2313995361328, -80.84580230712889],
[ 35.2743988037109, -106.736999511719],
[ 35.3414744, -89.8973084],
[ 35.493099212646506, -97.459098815918],
[ 35.6009452, -82.554015],
[ 35.632279, -120.664187],
[ 35.772096, -78.6386145],
[ 35.7797012329102, -78.6434020996094],
[ 35.9131996, -79.0558445],
[ 35.9250637, -86.8688899],
[ 35.9767990112305, -78.9067993164062],
[ 36.094799041748004, -80.24340057373051],
[ 36.1333999633789, -95.975700378418],
[ 36.1539816, -95.992775],
[ 36.1589012145996, -86.78209686279301],
[ 36.2330017089844, -115.24199676513702],
[ 36.2393, -80.3968],
[ 36.2983016967773, -119.789001464844],
[ 36.318637, -82.352063],
[ 36.3728538, -94.2088172],
[ 36.528878, -87.352957],
[ 36.6214, -121.818584],
[ 36.8529263, -75.977985],
[ 36.8546981811523, -76.27439880371091],
[ 37.226611, -121.9746797],
[ 37.315799713134794, -122.043998718262],
[ 37.3165016174316, -121.87400054931601],
[ 37.3393857, -121.8949555],
[ 37.3541079, -121.9552356],
[ 37.3692016601562, -122.037002563477],
[ 37.4005012512207, -122.07299804687501],
[ 37.4373016357422, -122.160003662109],
[ 37.5071591, -122.2605222],
[ 37.52349853515619, -77.31700134277341],
[ 37.5485992431641, -121.987998962402],
[ 37.676033020019496, -121.897041320801],
[ 37.7021521, -121.9357918],
[ 37.715131, -121.910307],
[ 37.7749295, -122.4194155],
[ 37.775199890136705, -122.418998718262],
[ 37.890736, -85.963174],
[ 37.9301986694336, -122.34500122070301],
[ 37.97650146484381, -122.02899932861301],
[ 38.0193657, -122.1341321],
[ 38.048900604248, -84.49980163574219],
[ 38.189399719238295, -84.8714981079102],
[ 38.2527684, -85.7584463],
[ 38.2560997009277, -85.7515029907227],
[ 38.3178393, -76.4062365],
[ 38.52245, -77.289687],
[ 38.5449065, -121.7405167],
[ 38.5736999511719, -121.486999511719],
[ 38.5815719, -121.4943996],
[ 38.5890723, -121.302728],
[ 38.627498626709006, -90.19840240478521],
[ 38.646991, -90.224967],
[ 38.6717987060547, -121.15000152587899],
[ 38.686500549316406, -121.080001831055],
[ 38.7613983154297, -121.293998718262],
[ 38.7779006958008, -77.1797027587891],
[ 38.827301025390604, -77.08789825439449],
[ 38.8338816, -104.8213634],
[ 38.8381004333496, -104.820999145508],
[ 38.8462236, -77.3063733],
[ 38.8467082, -91.9479586],
[ 38.882334, -77.1710914],
[ 38.8951118, -77.0363658],
[ 38.9276008605957, -94.6860961914062],
[ 38.969699859619105, -77.38619995117189],
[ 39.0045544, -76.8755282],
[ 39.0474014282227, -95.68150329589841],
[ 39.0839004516602, -77.1567993164062],
[ 39.09920120239261, -84.5175018310547],
[ 39.102699279785206, -94.62619781494138],
[ 39.1031182, -84.5120196],
[ 39.1642990112305, -86.5269012451172],
[ 39.201999664306605, -76.8593978881836],
[ 39.2320029, -84.3782734],
[ 39.44, -77.42],
[ 39.474899291992195, -118.77700042724601],
[ 39.530399322509794, -119.81400299072298],
[ 39.596199035644496, -105.00700378417999],
[ 39.6333213, -105.3172146],
[ 39.725700378418, -84.03790283203121],
[ 39.7391536, -104.9847034],
[ 39.7430000305176, -75.5384979248047],
[ 39.7495994567871, -105.216003417969],
[ 39.7551002502441, -104.987998962402],
[ 39.7589988708496, -121.815002441406],
[ 39.7669982910156, -86.15630340576169],
[ 39.7683765, -86.1580423],
[ 39.9358189, -74.9091853],
[ 39.9375911, -77.6611022],
[ 39.95159912109379, -75.16380310058588],
[ 39.952335, -75.163789],
[ 39.9611755, -82.9987942],
[ 39.9622001647949, -83.00070190429689],
[ 39.9831616, -75.8238355],
[ 40.01050186157231, -105.27700042724601],
[ 40.2142565, -77.0085876],
[ 40.220199584960895, -74.76419830322271],
[ 40.2353679, -76.8413613],
[ 40.2398118, -76.9199742],
[ 40.2414952, -75.2837862],
[ 40.349700927734396, -74.6596984863281],
[ 40.3611068725586, -79.99095153808591],
[ 40.3977612, -105.0749801],
[ 40.4384002685547, -80.00199890136719],
[ 40.4406248, -79.9958864],
[ 40.486427, -86.1336033],
[ 40.5184013, -80.1667247],
[ 40.5671005249023, -105.077003479004],
[ 40.5852602, -105.084423],
[ 40.6262016296387, -75.36060333251952],
[ 40.6314010620117, -74.5002975463867],
[ 40.65, -73.95],
[ 40.6808726, -74.4310524],
[ 40.6984348, -74.4015405],
[ 40.7143528, -74.0059731],
[ 40.7259336, -73.5142921],
[ 40.735657, -74.1723667],
[ 40.7439905, -74.0323626],
[ 40.7560005187988, -73.9869003295898],
[ 40.7584326, -74.9793378],
[ 40.7607793, -111.8910474],
[ 40.771598815918004, -111.888000488281],
[ 40.7895453, -74.0565298],
[ 40.82, -74.3647222],
[ 40.833989, -74.0970865],
[ 40.9253763, -74.2765368],
[ 41.0191993713379, -73.7572021484375],
[ 41.04422, -83.6499321],
[ 41.0573188, -74.1409771],
[ 41.0814447, -81.5190053],
[ 41.2428563, -73.2006639],
[ 41.2459149, -75.8813075],
[ 41.259799957275405, -95.9422988891602],
[ 41.4553232, -81.9179173],
[ 41.4994954, -81.6954088],
[ 41.499698638915994, -81.69370269775389],
[ 41.5887985229492, -93.6203002929688],
[ 41.6258708, -87.1333676],
[ 41.6639383, -83.555212],
[ 41.7, -71.4166],
[ 41.7198216, -72.8320435],
[ 41.7634219, -72.6128339],
[ 41.76649856567381, -72.6732025146484],
[ 41.785900115966804, -88.1473007202148],
[ 41.7955017089844, -88.01039886474608],
[ 41.850033, -87.6500523],
[ 41.879501342773395, -87.6242980957031],
[ 41.9766998291016, -91.6732025146484],
[ 42.037300109863295, -88.2809982299805],
[ 42.2366981506348, -70.8878021240234],
[ 42.2515983581543, -71.00319671630861],
[ 42.2528772, -71.0022705],
[ 42.2575385, -83.2110375],
[ 42.2625932, -71.8022934],
[ 42.3055556, -71.525],
[ 42.3098201, -71.1203299],
[ 42.3302001953125, -83.04589843750001],
[ 42.3370413, -71.2092214],
[ 42.358898162841804, -71.0569000244141],
[ 42.375400543212905, -71.11849975585939],
[ 42.3941993713379, -83.2956008911133],
[ 42.4602778, -71.3494444],
[ 42.4733688, -83.2218731],
[ 42.51954, -70.8967155],
[ 42.5792027, -84.4435845],
[ 42.6389216, -83.2910468],
[ 42.6481018066406, -84.6421966552734],
[ 42.6516990661621, -73.7550964355469],
[ 42.6566009521484, -71.1405029296875],
[ 42.6583661, -83.1499322],
[ 42.6827885, -89.0187222],
[ 42.6875323, -83.2341028],
[ 42.7330017089844, -73.6765975952148],
[ 42.73360061645509, -84.5466003417969],
[ 42.8864468, -78.8783689],
[ 42.9640007019043, -78.7379989624023],
[ 43.040199279785206, -87.9144973754883],
[ 43.05739, -70.785856],
[ 43.0605671, -88.1064787],
[ 43.0620994567871, -89.40080261230469],
[ 43.0730517, -89.4012302],
[ 43.256692, -79.869053],
[ 43.3487, -79.7903],
[ 43.437198638915994, -83.9467010498047],
[ 43.472091, -70.456079],
[ 43.58819961547851, -79.64170074462889],
[ 43.602100372314496, -116.21299743652298],
[ 43.612631, -116.211076],
[ 43.6525, -79.3816667],
[ 43.6702003479004, -79.38680267333982],
[ 43.881261, -79.261584],
[ 43.89, -78.86],
[ 44.0520691, -123.0867536],
[ 44.4375, -73.0681991577148],
[ 44.4550819396973, -93.16436767578121],
[ 44.5702018737793, -123.27500152587899],
[ 44.648881, -63.575312],
[ 44.670089, -63.577491],
[ 44.9229011535645, -93.40309906005861],
[ 44.944167, -93.086075],
[ 44.9775009155273, -93.26439666748048],
[ 44.9799654, -93.2638361],
[ 45.301665, -75.907341],
[ 45.4215296, -75.6971931],
[ 45.4235000610352, -75.69789886474611],
[ 45.43159866333009, -73.6691970825195],
[ 45.508867, -73.554242],
[ 45.509404, -73.697495],
[ 45.5234515, -122.6762071],
[ 45.5238990783691, -122.669998168945],
[ 45.54539871215821, -73.63909912109379],
[ 45.5870631, -122.3995363],
[ 46.779135, -92.108243],
[ 46.812801361084, -71.215202331543],
[ 47.0342629, -122.8231915],
[ 47.0378741, -122.9006951],
[ 47.51, -94.93],
[ 47.564998626709006, -122.63300323486298],
[ 47.597499847412095, -122.151000976562],
[ 47.6062095, -122.3320708],
[ 47.6209983825684, -122.34700012206999],
[ 47.6534996032715, -117.411003112793],
[ 47.6739881, -122.121512],
[ 48.118146, -123.4307413],
[ 48.2931559, -122.6432245],
[ 48.4275, -123.367259],
[ 49.163469, -123.137766],
[ 49.263599395752, -123.138999938965],
[ 49.8955993652344, -97.138298034668],
[ 50.447234, -104.618013],
[ 51.045, -114.0572222],
[ 51.0453246, -114.0581012],
[ 51.0536994934082, -114.06199645996101],
[ 53.540901184082, -113.49400329589801],
[ 53.543564, -113.490452],
[ 53.710098266601605, -113.21299743652298],
[ 56.1267013549805, 10.1091995239258],
[ 61.215599060058594, -149.897994995117]);
